M
Studio and Live Albums
studioandlive
38998
19204
5219
19232
39126
39008
5301
5241
19192
39027
38979
38969
39034
38960
39039
39006
38954
39151
39105
356552
98784
38949
39185
38964
39130
39112
245793
385795
556581
835866
1216158
5251
39019
39207
113683
1693557
750661
98787
39146
98826
39220
8743
1316341
2191670
1997688
3283329
1315607
1589417
1997723
1796327
817432
79122
98854
1641460
988416
2377357
2253976
2110816
2110228
2486584
2143603
2209207
2393215
647562
2143624
2482612
6424595
6175317
1370043
1534062
1535393
1863990
1938735
1915095
1558394
1558401
1558398
1589377
1915116
1799543
1663013
14637974
25415842
15186604
2122327
2486536
1619100
2907214
25377802
25400185
2002921
2486524
2037805
18239356
2899234
21238306